PDEW2007  7 21 13 27  4.40  -8.1300  -71.2700 644.9 6.2 6.1 WESTERN BRAZIL  
event name:     200707211327A  
time shift:      1.0800
half duration:   2.5000
latitude:       -8.1300
longitude:      -71.2700
depth:         637.5000
Mrr:      -7.980000e+24
Mtt:      -9.140000e+23
Mpp:       8.900000e+24
Mrt:      -3.770000e+24
Mrp:       1.060000e+25
Mtp:      -2.540000e+23
