top 
event name:     NAME
time shift:     1.0800
half duration:     2.5000
latitude:     90.0
longitude:     1.96313647101
depth:     637.5
Mrr:     -7.98e+24
Mtt:     -9.05181260147e+23
Mpp:     8.89118126015e+24
Mrt:     3.06876181993e+24
Mrp:     -1.08238440904e+25
Mtp:     3.88568324417e+23
